750 lux
0 1518326034219507 1
1 1518326034420255 1
2 1518326034517961 1
3 1518326034818019 1
4 1518326035117732 1
5 1518326035420203 1
6 1518326035717840 1
7 1518326036019775 1
8 1518326036317751 1
9 1518326036619817 1
10 1518326036920462 1
11 1518326037217798 1
12 1518326037518049 1
13 1518326037817764 1.5
14 1518326038118302 1.5
15 1518326038419979 1.5
16 1518326038718478 1.5
17 1518326039020545 1.5
18 1518326039318374 1.5
19 1518326039618373 1.5
20 1518326039918408 1.5
21 1518326040218572 1.5
22 1518326040518570 1.5
23 1518326040818101 1.5
24 1518326041121382 1.5
25 1518326041419407 1.5
26 1518326041718621 2
27 1518326042019064 2
28 1518326042318740 2
29 1518326042619106 2
30 1518326042919025 2
31 1518326043220326 2
32 1518326043518858 2
33 1518326043818784 2
34 1518326044119132 2
35 1518326044422825 2
36 1518326044718759 2
37 1518326045020006 2
38 1518326045318932 2
39 1518326045619083 2.5
40 1518326045919350 2.5
41 1518326046219361 2.5
42 1518326046519738 2.5
43 1518326046819286 2.5
44 1518326047119392 2.5
45 1518326047419303 2.5
46 1518326047819403 2.5
47 1518326048119427 2.5
48 1518326048420430 2.5
49 1518326048720013 2.5
50 1518326049021402 2.5
51 1518326049319582 2.5
52 1518326049622043 3
53 1518326049920169 3
54 1518326050220103 3
55 1518326050520108 3
56 1518326050822455 3
57 1518326051123359 3
58 1518326051419992 3
59 1518326051719924 3
60 1518326052020012 3
61 1518326052320054 3
62 1518326052619961 3
63 1518326052922277 3
64 1518326053220967 3
65 1518326053519942 3.5
66 1518326053820493 3.5
67 1518326054123327 3.5
68 1518326054422831 3.5
69 1518326054720624 3.5
70 1518326055020755 3.5
71 1518326055320766 3.5
72 1518326055620821 3.5
73 1518326055921014 3.5
74 1518326056221097 3.5
75 1518326056521728 3.5
76 1518326056820557 3.5
77 1518326057123138 3.5
78 1518326057422801 4
79 1518326057721649 4
80 1518326058023350 4
81 1518326058321228 4
82 1518326058621519 4
83 1518326058921432 4
84 1518326059223607 4
85 1518326059521627 4
86 1518326059821664 4
87 1518326060121520 4
88 1518326060421954 4
89 1518326060723231 4
90 1518326061023349 4
91 1518326061321285 4.5
92 1518326061623118 4.5
93 1518326061921830 4.5
94 1518326062222147 4.5
95 1518326062522979 4.5
96 1518326062824141 4.5
97 1518326063123894 4.5
98 1518326063423853 4.5
99 1518326063721885 4.5
100 1518326064022162 4.5
101 1518326064321980 4.5
102 1518326064622347 4.5
103 1518326064922372 4.5
104 1518326065223018 5
105 1518326065522215 5
106 1518326065822347 5
107 1518326066122335 5
108 1518326066422321 5
109 1518326066722304 5
110 1518326067022297 5
111 1518326067322382 5
112 1518326067622366 5
113 1518326067922363 5
114 1518326068222368 5
115 1518326068523756 5
116 1518326068823622 5
117 1518326069123547 5.5
118 1518326069424107 5.5
119 1518326069723421 5.5
120 1518326070023450 5.5
121 1518326070323118 5.5
122 1518326070623356 5.5
123 1518326070929803 5.5
124 1518326071223125 5.5
125 1518326071524814 5.5
126 1518326071825091 5.5
127 1518326072123464 5.5
128 1518326072423426 5.5
129 1518326072723359 5.5
130 1518326073025074 6
131 1518326073323538 6
132 1518326073625879 6
133 1518326073925916 6
134 1518326074225689 6
135 1518326074523954 6
136 1518326074823836 6
137 1518326075125812 6
138 1518326075423767 6
139 1518326075725825 6
140 1518326076026196 6
141 1518326076323614 6
142 1518326076624248 6
143 1518326076924185 6.5
144 1518326077224584 6.5
145 1518326077525487 6.5
146 1518326077826348 6.5
147 1518326078124433 6.5
148 1518326078426208 6.5
149 1518326078724462 6.5
150 1518326079026365 6.5
151 1518326079324266 6.5
152 1518326079624536 6.5
153 1518326079924617 6.5
154 1518326080226370 6.5
155 1518326080525564 6.5
156 1518326080824764 7
157 1518326081127479 7
158 1518326081425577 7
159 1518326081724985 7
160 1518326082025092 7
161 1518326082324732 7
162 1518326082625256 7
163 1518326082925685 7
164 1518326083225588 7
165 1518326083525504 7
166 1518326083826985 7
167 1518326084124900 7
168 1518326084425072 7
169 1518326084725369 7.5
170 1518326085027889 7.5
171 1518326085325280 7.5
172 1518326085625657 7.5
173 1518326085925823 7.5
174 1518326086227499 7.5
175 1518326086527361 7.5
176 1518326086825802 7.5
177 1518326087125705 7.5
178 1518326087427537 7.5
179 1518326087725755 7.5
180 1518326088025847 7.5
181 1518326088326617 7.5
182 1518326088627593 8
183 1518326088926463 8
184 1518326089226123 8
185 1518326089527488 8
186 1518326089828070 8
187 1518326090127165 8
188 1518326090428518 8
189 1518326090726503 8
190 1518326091028255 8
191 1518326091327210 8
192 1518326091628197 8
193 1518326091927975 8
194 1518326092228078 8
195 1518326092528285 8.5
196 1518326092827493 8.5
197 1518326093126707 8.5
198 1518326093427777 8.5
199 1518326093726931 8.5
200 1518326094027001 8.5
201 1518326094327922 8.5
202 1518326094626992 8.5
203 1518326094927051 8.5
204 1518326095227576 8.5
205 1518326095526796 8.5
206 1518326095829376 8.5
207 1518326096127391 8.5
208 1518326096427099 9
209 1518326096727866 9
210 1518326097029165 9
211 1518326097327039 9
212 1518326097627619 9
213 1518326097927645 9
214 1518326098229360 9
215 1518326098529230 9
216 1518326098827724 9
217 1518326099129483 9
218 1518326099427572 9
219 1518326099727686 9
220 1518326100028044 9
221 1518326100327207 9.5
222 1518326100628243 9.5
223 1518326100927799 9.5
224 1518326101230178 9.5
225 1518326101528687 9.5
226 1518326101827873 9.5
227 1518326102128592 9.5
228 1518326102429186 9.5
229 1518326102728238 9.5
230 1518326103028914 9.5
231 1518326103327826 9.5
232 1518326103628481 9.5
233 1518326103929938 9.5
234 1518326104229138 10
235 1518326104530407 10
236 1518326104828364 10
237 1518326105128772 10
238 1518326105428976 10
239 1518326105728791 10
240 1518326106028735 10
241 1518326106328406 10
242 1518326106629085 10
243 1518326106928890 10
244 1518326107228780 10
245 1518326107530045 10
246 1518326107830624 10
247 1518326108128967 10.5
248 1518326108429664 10.5
249 1518326108729342 10.5
250 1518326109031150 10.5
251 1518326109329613 10.5
252 1518326109628810 10.5
253 1518326109928800 10.5
254 1518326110228849 10.5
255 1518326110528909 10.5
256 1518326110828981 10.5
257 1518326111128988 10.5
258 1518326111429072 10.5
259 1518326111729055 10.5
260 1518326112029620 11
261 1518326112329741 11
262 1518326112629607 11
263 1518326112929697 11
264 1518326113229540 11
265 1518326113529432 11
266 1518326113829502 11
267 1518326114129546 11
268 1518326114429414 11
269 1518326114729401 11
270 1518326115029428 11
271 1518326115329429 11
272 1518326115629496 11
273 1518326115929652 11.5
274 1518326116229971 11.5
275 1518326116529944 11.5
276 1518326116829934 11.5
277 1518326117130060 11.5
278 1518326117431208 11.5
279 1518326117729973 11.5
280 1518326118031333 11.5
281 1518326118330090 11.5
282 1518326118630828 11.5
283 1518326118930908 11.5
284 1518326119231852 11.5
285 1518326119530740 11.5
286 1518326119831920 12
287 1518326120131436 12
288 1518326120431233 12
289 1518326120730514 12
290 1518326121032388 12
291 1518326121330646 12
292 1518326121630580 12
293 1518326121930454 12
294 1518326122230602 12
295 1518326122532484 12
296 1518326122832382 12
297 1518326123131235 12
298 1518326123431521 12
299 1518326123732103 12.5
300 1518326124031952 12.5
301 1518326124331451 12.5
302 1518326124632284 12.5
303 1518326124932049 12.5
304 1518326125232614 12.5
305 1518326125533418 12.5
306 1518326125831293 12.5
307 1518326126131200 12.5
308 1518326126433505 12.5
309 1518326126733456 12.5
310 1518326127032066 12.5
311 1518326127331353 12.5
312 1518326127632538 13
313 1518326127934056 13
314 1518326128232013 13
315 1518326128532171 13
316 1518326128832206 13
317 1518326129134071 13
318 1518326129432442 13
319 1518326129732358 13
320 1518326130034039 13
321 1518326130333958 13
322 1518326130633845 13
323 1518326130933538 13
324 1518326131234211 13
325 1518326131532490 13.5
326 1518326131833192 13.5
327 1518326132132497 13.5
328 1518326132433886 13.5
329 1518326132734825 13.5
330 1518326133032856 13.5
331 1518326133332487 13.5
332 1518326133632882 13.5
333 1518326133934615 13.5
334 1518326134232863 13.5
335 1518326134534578 13.5
336 1518326134833105 13.5
337 1518326135133188 13.5
338 1518326135434522 14
339 1518326135733667 14
340 1518326136035663 14
341 1518326136333017 14
342 1518326136633125 14
343 1518326136934368 14
344 1518326137232923 14
345 1518326137532928 14
346 1518326137832926 14
347 1518326138132882 14
348 1518326138432997 14
349 1518326138732958 14
350 1518326139032910 14
351 1518326139332989 14.5
352 1518326139636271 14.5
353 1518326139934016 14.5
354 1518326140236093 14.5
355 1518326140533974 14.5
356 1518326140833976 14.5
357 1518326141134268 14.5
358 1518326141435842 14.5
359 1518326141735864 14.5
360 1518326142035813 14.5
361 1518326142333913 14.5
362 1518326142634494 14.5
363 1518326142935997 14.5
364 1518326143234156 15
365 1518326143534885 15
366 1518326143834607 15
367 1518326144134867 15
368 1518326144434973 15
369 1518326144734736 15
370 1518326145036641 15
371 1518326145334732 15
372 1518326145634928 15
373 1518326145935904 15
374 1518326146236420 15
375 1518326146536627 15
376 1518326146835201 15
377 1518326147134476 15.5
378 1518326147437132 15.5
379 1518326147736976 15.5
380 1518326148036834 15.5
381 1518326148335287 15.5
382 1518326148637147 15.5
383 1518326148937016 15.5
384 1518326149235699 15.5
385 1518326149535155 15.5
386 1518326149835744 15.5
387 1518326150137206 15.5
388 1518326150437497 15.5
389 1518326150737146 15.5
390 1518326151037112 16
391 1518326151336504 16
392 1518326151636026 16
393 1518326151937843 16
394 1518326152237720 16
395 1518326152535925 16
396 1518326152837744 16
397 1518326153136171 16
398 1518326153436071 16
399 1518326153737686 16
400 1518326154036656 16
401 1518326154335431 16
402 1518326154637687 16
403 1518326154937751 16.5
404 1518326155238327 16.5
405 1518326155536407 16.5
406 1518326155838170 16.5
407 1518326156138452 16.5
408 1518326156436349 16.5
409 1518326156736474 16.5
410 1518326157036643 16.5
411 1518326157337659 16.5
412 1518326157637486 16.5
413 1518326157936749 16.5
414 1518326158238392 16.5
415 1518326158536980 16.5
416 1518326158837214 17
417 1518326159138871 17
418 1518326159436948 17
419 1518326159736998 17
420 1518326160037070 17
421 1518326160337186 17
422 1518326160636970 17
423 1518326160938760 17
424 1518326161236998 17
425 1518326161537014 17
426 1518326161838438 17
427 1518326162137524 17
428 1518326162438402 17
429 1518326162737554 17.5
430 1518326163039449 17.5
431 1518326163337093 17.5
432 1518326163636973 17.5
433 1518326163937288 17.5
434 1518326164238823 17.5
435 1518326164537447 17.5
436 1518326164837006 17.5
437 1518326165137111 17.5
438 1518326165438275 17.5
439 1518326165737258 17.5
440 1518326166038715 17.5
441 1518326166337241 17.5
442 1518326166637294 18
443 1518326166941367 18
444 1518326167240226 18
445 1518326167537762 18
446 1518326167837628 18
447 1518326168138275 18
448 1518326168437808 18
449 1518326168737777 18
450 1518326169037707 18
451 1518326169337556 18
452 1518326169637796 18
453 1518326169937841 18
454 1518326170237907 18
455 1518326170537851 18.5
456 1518326170838219 18.5
457 1518326171138407 18.5
458 1518326171438796 18.5
459 1518326171738542 18.5
460 1518326172038251 18.5
461 1518326172338277 18.5
462 1518326172638277 18.5
463 1518326172938188 18.5
464 1518326173238300 18.5
465 1518326173538346 18.5
466 1518326173838315 18.5
467 1518326174138198 18.5
468 1518326174438399 19
469 1518326174738781 19
470 1518326175038787 19
471 1518326175343416 19
472 1518326175638804 19
473 1518326175941089 19
474 1518326176239006 19
475 1518326176538780 19
476 1518326176839104 19
477 1518326177139240 19
478 1518326177439742 19
479 1518326177741436 19
480 1518326178038903 19
481 1518326178340843 19.5
482 1518326178641745 19.5
483 1518326178941843 19.5
484 1518326179239607 19.5
485 1518326179540103 19.5
486 1518326179840294 19.5
487 1518326180139593 19.5
488 1518326180439839 19.5
489 1518326180739616 19.5
490 1518326181039588 19.5
491 1518326181339521 19.5
492 1518326181639733 19.5
493 1518326181939624 19.5
494 1518326182239509 20
495 1518326182539908 20
496 1518326182840523 20
497 1518326183140214 20
498 1518326183440318 20
499 1518326183740066 20
500 1518326184040439 20
501 1518326184339963 20
502 1518326184640001 20
503 1518326184940053 20
504 1518326185240096 20
505 1518326185540138 20
506 1518326185840233 20
