0 1522395655745366 0.05
1 1522395655842875 0.05
2 1522395656043503 0.05
3 1522395656143763 0.05
4 1522395656343476 0.05
5 1522395656542846 0.05
6 1522395656745313 0.05
7 1522395656943332 0.05
8 1522395657143127 0.05
9 1522395657343222 0.05
10 1522395657543357 0.05
11 1522395657744136 0.05
12 1522395657944882 0.05
13 1522395658143271 0.055
14 1522395658343555 0.055
15 1522395658542805 0.055
16 1522395658744374 0.055
17 1522395658945367 0.055
18 1522395659143339 0.055
19 1522395659343404 0.055
20 1522395659543534 0.055
21 1522395659743108 0.055
22 1522395659943772 0.055
23 1522395660143532 0.055
24 1522395660343437 0.055
25 1522395660543439 0.055
26 1522395660743126 0.06
27 1522395660944188 0.06
28 1522395661143042 0.06
29 1522395661343962 0.06
30 1522395661544574 0.06
31 1522395661745564 0.06
32 1522395661943351 0.06
33 1522395662145485 0.06
34 1522395662343175 0.06
35 1522395662543475 0.06
36 1522395662743221 0.06
37 1522395662943102 0.06
38 1522395663245416 0.06
39 1522395663445734 0.065
40 1522395663543296 0.065
41 1522395663743283 0.065
42 1522395663943321 0.065
43 1522395664144141 0.065
44 1522395664343252 0.065
45 1522395664543123 0.065
46 1522395664746073 0.065
47 1522395664943205 0.065
48 1522395665143359 0.065
49 1522395665344478 0.065
50 1522395665543598 0.065
51 1522395665743289 0.065
52 1522395665943599 0.07
53 1522395666143353 0.07
54 1522395666343517 0.07
55 1522395666543475 0.07
56 1522395666743607 0.07
57 1522395666943340 0.07
58 1522395667143202 0.07
59 1522395667343919 0.07
60 1522395667545107 0.07
61 1522395667743246 0.07
62 1522395667943492 0.07
63 1522395668143553 0.07
64 1522395668343754 0.07
65 1522395668543316 0.075
66 1522395668743417 0.075
67 1522395668943374 0.075
68 1522395669143468 0.075
69 1522395669343625 0.075
70 1522395669543742 0.075
71 1522395669743495 0.075
72 1522395669944461 0.075
73 1522395670143528 0.075
74 1522395670343445 0.075
75 1522395670543360 0.075
76 1522395670743470 0.075
77 1522395670943403 0.075
78 1522395671143471 0.08
79 1522395671347436 0.08
80 1522395671544336 0.08
81 1522395671743478 0.08
82 1522395671943793 0.08
83 1522395672143576 0.08
84 1522395672344375 0.08
85 1522395672543625 0.08
86 1522395672743747 0.08
87 1522395672943653 0.08
88 1522395673143814 0.08
89 1522395673343701 0.08
90 1522395673543516 0.08
91 1522395673743785 0.085
92 1522395673943552 0.085
93 1522395674143589 0.085
94 1522395674343451 0.085
95 1522395674543559 0.085
96 1522395674743698 0.085
97 1522395674943652 0.085
98 1522395675144007 0.085
99 1522395675343851 0.085
100 1522395675545288 0.085
101 1522395675745262 0.085
102 1522395675943811 0.085
103 1522395676144736 0.085
104 1522395676344139 0.09
105 1522395676543762 0.09
106 1522395676744279 0.09
107 1522395676943691 0.09
108 1522395677145677 0.09
109 1522395677345716 0.09
110 1522395677544171 0.09
111 1522395677744197 0.09
112 1522395677944407 0.09
113 1522395678143675 0.09
114 1522395678345544 0.09
115 1522395678545693 0.09
116 1522395678744226 0.09
117 1522395678943780 0.095
118 1522395679246021 0.095
119 1522395679343780 0.095
120 1522395679543875 0.095
121 1522395679843865 0.095
122 1522395679946724 0.095
123 1522395680243784 0.095
124 1522395680444340 0.095
125 1522395680643813 0.095
126 1522395680843850 0.095
127 1522395681044547 0.095
128 1522395681243955 0.095
129 1522395681444031 0.095
130 1522395681644000 0.1
131 1522395681843965 0.1
132 1522395682043936 0.1
133 1522395682243971 0.1
134 1522395682444156 0.1
135 1522395682643987 0.1
136 1522395682844050 0.1
137 1522395683044130 0.1
138 1522395683243885 0.1
139 1522395683444140 0.1
140 1522395683644139 0.1
141 1522395683845969 0.1
142 1522395684044148 0.1
143 1522395684244263 0.105
144 1522395684444195 0.105
145 1522395684645014 0.105
146 1522395684844223 0.105
147 1522395685044196 0.105
148 1522395685248179 0.105
149 1522395685444264 0.105
150 1522395685644150 0.105
151 1522395685844653 0.105
152 1522395686044556 0.105
153 1522395686244748 0.105
154 1522395686444049 0.105
155 1522395686646123 0.105
156 1522395686844075 0.11
157 1522395687044546 0.11
158 1522395687245017 0.11
159 1522395687444387 0.11
160 1522395687644298 0.11
161 1522395687844456 0.11
162 1522395688048910 0.11
163 1522395688244191 0.11
164 1522395688446586 0.11
165 1522395688644162 0.11
166 1522395688844427 0.11
167 1522395689045483 0.11
168 1522395689244210 0.11
169 1522395689446431 0.115
170 1522395689644312 0.115
171 1522395689844270 0.115
172 1522395690046576 0.115
173 1522395690244227 0.115
174 1522395690446600 0.115
175 1522395690645128 0.115
176 1522395690847497 0.115
177 1522395691044797 0.115
178 1522395691245025 0.115
179 1522395691444789 0.115
180 1522395691644329 0.115
181 1522395691844493 0.115
182 1522395692044311 0.12
183 1522395692244282 0.12
184 1522395692444308 0.12
185 1522395692644320 0.12
186 1522395692844260 0.12
187 1522395693044568 0.12
188 1522395693244493 0.12
189 1522395693444279 0.12
190 1522395693644485 0.12
191 1522395693844604 0.12
192 1522395694044507 0.12
193 1522395694244983 0.12
194 1522395694444656 0.12
195 1522395694645320 0.125
196 1522395694844445 0.125
197 1522395695047532 0.125
198 1522395695245222 0.125
199 1522395695444722 0.125
200 1522395695647254 0.125
201 1522395695844466 0.125
202 1522395696046547 0.125
203 1522395696246843 0.125
204 1522395696444789 0.125
205 1522395696646915 0.125
206 1522395696844472 0.125
207 1522395697045224 0.125
208 1522395697245688 0.13
209 1522395697446902 0.13
210 1522395697645737 0.13
211 1522395697845288 0.13
212 1522395698045418 0.13
213 1522395698244872 0.13
214 1522395698444952 0.13
215 1522395698645003 0.13
216 1522395698844530 0.13
217 1522395699044884 0.13
218 1522395699245099 0.13
219 1522395699445134 0.13
220 1522395699645124 0.13
221 1522395699844788 0.135
222 1522395700045535 0.135
223 1522395700244942 0.135
224 1522395700445126 0.135
225 1522395700644911 0.135
226 1522395700844708 0.135
227 1522395701045409 0.135
228 1522395701245091 0.135
229 1522395701446916 0.135
230 1522395701645045 0.135
231 1522395701844744 0.135
232 1522395702045355 0.135
233 1522395702245234 0.135
234 1522395702447301 0.14
235 1522395702645391 0.14
236 1522395702844929 0.14
237 1522395703045290 0.14
238 1522395703245236 0.14
239 1522395703446393 0.14
240 1522395703645179 0.14
241 1522395703844811 0.14
242 1522395704045372 0.14
243 1522395704246208 0.14
244 1522395704447204 0.14
245 1522395704645275 0.14
246 1522395704844930 0.14
247 1522395705047244 0.145
248 1522395705245115 0.145
249 1522395705446430 0.145
250 1522395705645407 0.145
251 1522395705844910 0.145
252 1522395706045544 0.145
253 1522395706245297 0.145
254 1522395706446615 0.145
255 1522395706645500 0.145
256 1522395706844967 0.145
257 1522395707045730 0.145
258 1522395707245644 0.145
259 1522395707446619 0.145
260 1522395707647484 0.15
261 1522395707844968 0.15
262 1522395708047615 0.15
263 1522395708245320 0.15
264 1522395708447403 0.15
265 1522395708645500 0.15
266 1522395708845060 0.15
267 1522395709045464 0.15
268 1522395709245578 0.15
269 1522395709445863 0.15
270 1522395709647494 0.15
271 1522395709844957 0.15
272 1522395710046425 0.15
273 1522395710245997 0.155
274 1522395710445804 0.155
275 1522395710647622 0.155
276 1522395710845400 0.155
277 1522395711045602 0.155
278 1522395711245637 0.155
279 1522395711446047 0.155
280 1522395711646800 0.155
281 1522395711845074 0.155
282 1522395712045951 0.155
283 1522395712246070 0.155
284 1522395712445890 0.155
285 1522395712647666 0.155
286 1522395712845162 0.16
287 1522395713047815 0.16
288 1522395713245570 0.16
289 1522395713445705 0.16
290 1522395713645732 0.16
291 1522395713845306 0.16
292 1522395714047575 0.16
293 1522395714245524 0.16
294 1522395714445690 0.16
295 1522395714645578 0.16
296 1522395714845701 0.16
297 1522395715045973 0.16
298 1522395715246225 0.16
299 1522395715447613 0.165
300 1522395715647891 0.165
301 1522395715845551 0.165
302 1522395716046198 0.165
303 1522395716245809 0.165
304 1522395716447760 0.165
305 1522395716647725 0.165
306 1522395716845347 0.165
307 1522395717046271 0.165
308 1522395717245948 0.165
309 1522395717446147 0.165
310 1522395717645677 0.165
311 1522395717845273 0.165
312 1522395718048046 0.17
313 1522395718246368 0.17
314 1522395718447827 0.17
315 1522395718646757 0.17
316 1522395718845203 0.17
317 1522395719047772 0.17
318 1522395719245808 0.17
319 1522395719446157 0.17
320 1522395719645969 0.17
321 1522395719845598 0.17
322 1522395720048027 0.17
323 1522395720246027 0.17
324 1522395720446243 0.17
325 1522395720646141 0.175
326 1522395720845687 0.175
327 1522395721048014 0.175
328 1522395721245899 0.175
329 1522395721446221 0.175
330 1522395721646057 0.175
331 1522395721845577 0.175
332 1522395722046528 0.175
333 1522395722246210 0.175
334 1522395722446337 0.175
335 1522395722646317 0.175
336 1522395722845850 0.175
337 1522395723046147 0.175
338 1522395723246354 0.18
339 1522395723446277 0.18
340 1522395723646227 0.18
341 1522395723845826 0.18
342 1522395724046192 0.18
343 1522395724248049 0.18
344 1522395724445872 0.18
345 1522395724646427 0.18
346 1522395724845802 0.18
347 1522395725046262 0.18
348 1522395725246813 0.18
349 1522395725448456 0.18
350 1522395725646221 0.18
351 1522395725845872 0.185
352 1522395726047398 0.185
353 1522395726247768 0.185
354 1522395726446414 0.185
355 1522395726648252 0.185
356 1522395726845759 0.185
357 1522395727046262 0.185
358 1522395727246050 0.185
359 1522395727448118 0.185
360 1522395727646306 0.185
361 1522395727845841 0.185
362 1522395728048278 0.185
363 1522395728246592 0.185
364 1522395728448224 0.19
365 1522395728646407 0.19
366 1522395728846031 0.19
367 1522395729046743 0.19
368 1522395729246425 0.19
369 1522395729448250 0.19
370 1522395729646339 0.19
371 1522395729845908 0.19
372 1522395730048336 0.19
373 1522395730247779 0.19
374 1522395730448475 0.19
375 1522395730646601 0.19
376 1522395730846084 0.19
377 1522395731047865 0.195
378 1522395731246212 0.195
379 1522395731447911 0.195
380 1522395731646450 0.195
381 1522395731845973 0.195
382 1522395732048001 0.195
383 1522395732248729 0.195
384 1522395732446310 0.195
385 1522395732648019 0.195
386 1522395732846096 0.195
387 1522395733048382 0.195
388 1522395733248586 0.195
389 1522395733446482 0.195
390 1522395733648685 0.2
391 1522395733846139 0.2
392 1522395734046459 0.2
393 1522395734246599 0.2
394 1522395734448896 0.2
395 1522395734647479 0.2
396 1522395734845922 0.2
397 1522395735048595 0.2
398 1522395735246641 0.2
399 1522395735447042 0.2
400 1522395735646713 0.2
401 1522395735846229 0.2
402 1522395736048715 0.2
403 1522395736246751 0.205
404 1522395736446708 0.205
405 1522395736646476 0.205
406 1522395736849593 0.205
407 1522395737046700 0.205
408 1522395737246438 0.205
409 1522395737446915 0.205
410 1522395737647287 0.205
411 1522395737847142 0.205
412 1522395738048914 0.205
413 1522395738246832 0.205
414 1522395738447022 0.205
415 1522395738647202 0.205
416 1522395738846393 0.21
417 1522395739047439 0.21
418 1522395739246977 0.21
419 1522395739447053 0.21
420 1522395739646861 0.21
421 1522395739846334 0.21
422 1522395740048127 0.21
423 1522395740246830 0.21
424 1522395740446897 0.21
425 1522395740648788 0.21
426 1522395740846547 0.21
427 1522395741047374 0.21
428 1522395741248801 0.21
429 1522395741447058 0.215
430 1522395741647218 0.215
431 1522395741846419 0.215
432 1522395742047754 0.215
433 1522395742248863 0.215
434 1522395742446836 0.215
435 1522395742647039 0.215
436 1522395742846420 0.215
437 1522395743049397 0.215
438 1522395743246555 0.215
439 1522395743448930 0.215
440 1522395743646775 0.215
441 1522395743846690 0.215
442 1522395744047138 0.22
443 1522395744249105 0.22
444 1522395744448808 0.22
445 1522395744647145 0.22
446 1522395744846579 0.22
447 1522395745047471 0.22
448 1522395745247091 0.22
449 1522395745448968 0.22
450 1522395745647182 0.22
451 1522395745846801 0.22
452 1522395746047234 0.22
453 1522395746246923 0.22
454 1522395746447358 0.22
455 1522395746647482 0.225
456 1522395746846843 0.225
457 1522395747047323 0.225
458 1522395747247399 0.225
459 1522395747449146 0.225
460 1522395747649021 0.225
461 1522395747846798 0.225
462 1522395748047578 0.225
463 1522395748247347 0.225
464 1522395748447457 0.225
465 1522395748649011 0.225
466 1522395748846866 0.225
467 1522395749047919 0.225
468 1522395749247066 0.23
469 1522395749446756 0.23
470 1522395749646920 0.23
471 1522395749846848 0.23
472 1522395750047687 0.23
473 1522395750247108 0.23
474 1522395750447292 0.23
475 1522395750647026 0.23
476 1522395750847007 0.23
477 1522395751047112 0.23
478 1522395751347473 0.23
479 1522395751447067 0.23
480 1522395751646650 0.23
481 1522395751849393 0.235
482 1522395752047148 0.235
483 1522395752248317 0.235
484 1522395752446970 0.235
485 1522395752647016 0.235
486 1522395752847227 0.235
487 1522395753047353 0.235
488 1522395753246915 0.235
489 1522395753449088 0.235
490 1522395753646862 0.235
491 1522395753847436 0.235
492 1522395754047415 0.235
493 1522395754247093 0.235
494 1522395754447177 0.24
495 1522395754647032 0.24
496 1522395754847115 0.24
497 1522395755047368 0.24
498 1522395755247020 0.24
499 1522395755447308 0.24
500 1522395755647193 0.24
501 1522395755847228 0.24
502 1522395756047273 0.24
503 1522395756247272 0.24
504 1522395756449623 0.24
505 1522395756647633 0.24
506 1522395756847121 0.24
507 1522395757048159 0.245
508 1522395757247202 0.245
509 1522395757450085 0.245
510 1522395757648886 0.245
511 1522395757847022 0.245
512 1522395758047725 0.245
513 1522395758249512 0.245
514 1522395758447648 0.245
515 1522395758647945 0.245
516 1522395758847360 0.245
517 1522395759049621 0.245
518 1522395759247807 0.245
519 1522395759449967 0.245
520 1522395759648183 0.25
521 1522395759847534 0.25
522 1522395760049585 0.25
523 1522395760247696 0.25
524 1522395760449561 0.25
525 1522395760647540 0.25
526 1522395760847283 0.25
527 1522395761049648 0.25
528 1522395761247602 0.25
529 1522395761449703 0.25
530 1522395761647963 0.25
531 1522395761847448 0.25
532 1522395762049666 0.25
533 1522395762247756 0.255
534 1522395762449936 0.255
535 1522395762649642 0.255
536 1522395762847375 0.255
537 1522395763048284 0.255
538 1522395763247520 0.255
539 1522395763449623 0.255
540 1522395763647840 0.255
541 1522395763847403 0.255
542 1522395764049631 0.255
543 1522395764247889 0.255
544 1522395764447965 0.255
545 1522395764649631 0.255
546 1522395764847512 0.26
547 1522395765049265 0.26
548 1522395765247979 0.26
549 1522395765449518 0.26
550 1522395765649771 0.26
551 1522395765847543 0.26
552 1522395766050027 0.26
553 1522395766247998 0.26
554 1522395766447751 0.26
555 1522395766648784 0.26
556 1522395766847324 0.26
557 1522395767049891 0.26
558 1522395767247951 0.26
559 1522395767449994 0.265
560 1522395767649990 0.265
561 1522395767847824 0.265
562 1522395768049897 0.265
563 1522395768247943 0.265
564 1522395768448155 0.265
565 1522395768649995 0.265
566 1522395768847613 0.265
567 1522395769049991 0.265
568 1522395769248063 0.265
569 1522395769448108 0.265
570 1522395769649955 0.265
571 1522395769847925 0.265
572 1522395770049945 0.27
573 1522395770248517 0.27
574 1522395770448046 0.27
575 1522395770649889 0.27
576 1522395770847980 0.27
577 1522395771050172 0.27
578 1522395771248235 0.27
579 1522395771448517 0.27
580 1522395771650104 0.27
581 1522395771848818 0.27
582 1522395772050213 0.27
583 1522395772248357 0.27
584 1522395772448662 0.27
585 1522395772650126 0.275
586 1522395772850803 0.275
587 1522395773048236 0.275
588 1522395773248270 0.275
589 1522395773448521 0.275
590 1522395773648140 0.275
591 1522395773847835 0.275
592 1522395774048768 0.275
593 1522395774248907 0.275
594 1522395774450388 0.275
595 1522395774648271 0.275
596 1522395774848148 0.275
597 1522395775049836 0.275
598 1522395775248394 0.28
599 1522395775448795 0.28
600 1522395775648468 0.28
601 1522395775847866 0.28
602 1522395776048636 0.28
603 1522395776248530 0.28
604 1522395776450327 0.28
605 1522395776650173 0.28
606 1522395776847970 0.28
607 1522395777050388 0.28
608 1522395777248780 0.28
609 1522395777450185 0.28
610 1522395777648932 0.28
611 1522395777848142 0.285
612 1522395778050539 0.285
613 1522395778248490 0.285
614 1522395778450255 0.285
615 1522395778648483 0.285
616 1522395778848231 0.285
617 1522395779048751 0.285
618 1522395779250414 0.285
619 1522395779448570 0.285
620 1522395779650454 0.285
621 1522395779848002 0.285
622 1522395780050619 0.285
623 1522395780248702 0.285
624 1522395780448941 0.29
625 1522395780649325 0.29
626 1522395780848228 0.29
627 1522395781050683 0.29
628 1522395781250461 0.29
629 1522395781448637 0.29
630 1522395781648981 0.29
631 1522395781848228 0.29
632 1522395782048861 0.29
633 1522395782248729 0.29
634 1522395782450461 0.29
635 1522395782648409 0.29
636 1522395782848106 0.29
637 1522395783049418 0.295
638 1522395783248754 0.295
639 1522395783450826 0.295
640 1522395783648400 0.295
641 1522395783848022 0.295
642 1522395784049326 0.295
643 1522395784250835 0.295
644 1522395784449317 0.295
645 1522395784649067 0.295
646 1522395784848743 0.295
647 1522395785050494 0.295
648 1522395785250673 0.295
649 1522395785449552 0.295
650 1522395785649636 0.3
651 1522395785848585 0.3
652 1522395786049335 0.3
653 1522395786250601 0.3
654 1522395786450834 0.3
655 1522395786649046 0.3
656 1522395786848330 0.3
657 1522395787049414 0.3
658 1522395787248663 0.3
659 1522395787450398 0.3
660 1522395787649199 0.3
661 1522395787848689 0.3
662 1522395788048928 0.3
663 1522395788249163 0.305
664 1522395788449001 0.305
665 1522395788650307 0.305
666 1522395788848695 0.305
667 1522395789049202 0.305
668 1522395789249175 0.305
669 1522395789450806 0.305
670 1522395789650428 0.305
671 1522395789848637 0.305
672 1522395790049924 0.305
673 1522395790249150 0.305
674 1522395790450903 0.305
675 1522395790650770 0.305
676 1522395790848571 0.31
677 1522395791049659 0.31
678 1522395791249175 0.31
679 1522395791448944 0.31
680 1522395791650784 0.31
681 1522395791848530 0.31
682 1522395792050935 0.31
683 1522395792249368 0.31
684 1522395792449245 0.31
685 1522395792649753 0.31
686 1522395792849689 0.31
687 1522395793051058 0.31
688 1522395793249456 0.31
689 1522395793449814 0.315
690 1522395793648944 0.315
691 1522395793850755 0.315
692 1522395794049137 0.315
693 1522395794249332 0.315
694 1522395794449269 0.315
695 1522395794649532 0.315
696 1522395794848900 0.315
697 1522395795049415 0.315
698 1522395795249389 0.315
699 1522395795449613 0.315
700 1522395795649615 0.315
701 1522395795849012 0.315
702 1522395796051115 0.32
703 1522395796249777 0.32
704 1522395796449505 0.32
705 1522395796649387 0.32
706 1522395796848840 0.32
707 1522395797050047 0.32
708 1522395797249396 0.32
709 1522395797449599 0.32
710 1522395797649566 0.32
711 1522395797848886 0.32
712 1522395798051466 0.32
713 1522395798249923 0.32
714 1522395798450195 0.32
715 1522395798649290 0.325
716 1522395798848589 0.325
717 1522395799051481 0.325
718 1522395799249386 0.325
719 1522395799449719 0.325
720 1522395799649355 0.325
721 1522395799848850 0.325
722 1522395800050242 0.325
723 1522395800249359 0.325
724 1522395800449564 0.325
725 1522395800651338 0.325
726 1522395800849154 0.325
727 1522395801051277 0.325
728 1522395801251403 0.33
729 1522395801449704 0.33
730 1522395801649543 0.33
731 1522395801848994 0.33
732 1522395802051369 0.33
733 1522395802251223 0.33
734 1522395802449550 0.33
735 1522395802649946 0.33
736 1522395802849145 0.33
737 1522395803049573 0.33
738 1522395803251479 0.33
739 1522395803449618 0.33
740 1522395803650230 0.33
741 1522395803849069 0.335
742 1522395804051423 0.335
743 1522395804251374 0.335
744 1522395804451319 0.335
745 1522395804649658 0.335
746 1522395804849152 0.335
747 1522395805050013 0.335
748 1522395805250023 0.335
749 1522395805451761 0.335
750 1522395805650070 0.335
751 1522395805849185 0.335
752 1522395806049980 0.335
753 1522395806249568 0.335
754 1522395806451831 0.34
755 1522395806650304 0.34
756 1522395806849339 0.34
757 1522395807051325 0.34
758 1522395807250483 0.34
759 1522395807450533 0.34
760 1522395807649958 0.34
761 1522395807849283 0.34
762 1522395808051739 0.34
763 1522395808251480 0.34
764 1522395808451407 0.34
765 1522395808649906 0.34
766 1522395808849509 0.34
767 1522395809051661 0.345
768 1522395809249631 0.345
769 1522395809451542 0.345
770 1522395809649865 0.345
771 1522395809849398 0.345
772 1522395810051383 0.345
773 1522395810249902 0.345
774 1522395810450507 0.345
775 1522395810650019 0.345
776 1522395810849376 0.345
777 1522395811051787 0.345
778 1522395811250169 0.345
779 1522395811451738 0.345
780 1522395811651587 0.35
781 1522395811849747 0.35
782 1522395812050129 0.35
783 1522395812250111 0.35
784 1522395812450737 0.35
785 1522395812651791 0.35
786 1522395812849465 0.35
787 1522395813050448 0.35
788 1522395813250059 0.35
789 1522395813449909 0.35
790 1522395813652107 0.35
791 1522395813849543 0.35
792 1522395814051106 0.35
793 1522395814250826 0.355
794 1522395814449859 0.355
795 1522395814652174 0.355
796 1522395814849577 0.355
797 1522395815052004 0.355
798 1522395815250161 0.355
799 1522395815449836 0.355
800 1522395815652113 0.355
801 1522395815849919 0.355
802 1522395816050363 0.355
803 1522395816250233 0.355
804 1522395816450341 0.355
805 1522395816652111 0.355
806 1522395816849909 0.36
807 1522395817052129 0.36
808 1522395817250114 0.36
809 1522395817450525 0.36
810 1522395817650927 0.36
811 1522395817849624 0.36
812 1522395818052143 0.36
813 1522395818250085 0.36
814 1522395818450365 0.36
815 1522395818650209 0.36
816 1522395818850156 0.36
817 1522395819050909 0.36
818 1522395819250634 0.36
819 1522395819451178 0.365
820 1522395819650024 0.365
821 1522395819851357 0.365
822 1522395820050461 0.365
823 1522395820250429 0.365
824 1522395820450438 0.365
825 1522395820652238 0.365
826 1522395820849903 0.365
827 1522395821052244 0.365
828 1522395821250285 0.365
829 1522395821450762 0.365
830 1522395821651249 0.365
831 1522395821849892 0.365
832 1522395822050587 0.37
833 1522395822252086 0.37
834 1522395822452240 0.37
835 1522395822650410 0.37
836 1522395822851452 0.37
837 1522395823052291 0.37
838 1522395823250517 0.37
839 1522395823450674 0.37
840 1522395823651012 0.37
841 1522395823850022 0.37
842 1522395824050662 0.37
843 1522395824252416 0.37
844 1522395824450840 0.37
845 1522395824652505 0.375
846 1522395824850200 0.375
847 1522395825052024 0.375
848 1522395825250563 0.375
849 1522395825452370 0.375
850 1522395825650589 0.375
851 1522395825850247 0.375
852 1522395826051016 0.375
853 1522395826250314 0.375
854 1522395826452347 0.375
855 1522395826651079 0.375
856 1522395826850078 0.375
857 1522395827052736 0.375
858 1522395827250578 0.38
859 1522395827452566 0.38
860 1522395827650502 0.38
861 1522395827850167 0.38
862 1522395828051796 0.38
863 1522395828250426 0.38
864 1522395828452020 0.38
865 1522395828651055 0.38
866 1522395828850191 0.38
867 1522395829052448 0.38
868 1522395829250885 0.38
869 1522395829452527 0.38
870 1522395829652653 0.38
871 1522395829850264 0.385
872 1522395830052655 0.385
873 1522395830250720 0.385
874 1522395830450641 0.385
875 1522395830652292 0.385
876 1522395830850276 0.385
877 1522395831052837 0.385
878 1522395831250877 0.385
879 1522395831450569 0.385
880 1522395831652720 0.385
881 1522395831850310 0.385
882 1522395832052587 0.385
883 1522395832251355 0.385
884 1522395832450715 0.39
885 1522395832652770 0.39
886 1522395832850456 0.39
887 1522395833052747 0.39
888 1522395833251015 0.39
889 1522395833451782 0.39
890 1522395833652840 0.39
891 1522395833850416 0.39
892 1522395834052737 0.39
893 1522395834250997 0.39
894 1522395834451322 0.39
895 1522395834652028 0.39
896 1522395834851765 0.39
897 1522395835052851 0.395
898 1522395835251701 0.395
899 1522395835451349 0.395
900 1522395835650771 0.395
901 1522395835851070 0.395
902 1522395836051298 0.395
903 1522395836251668 0.395
904 1522395836453012 0.395
905 1522395836650810 0.395
906 1522395836853600 0.395
907 1522395837051343 0.395
908 1522395837252437 0.395
909 1522395837452254 0.395
910 1522395837652401 0.4
911 1522395837850865 0.4
912 1522395838051253 0.4
913 1522395838251308 0.4
914 1522395838451141 0.4
915 1522395838651655 0.4
916 1522395838850827 0.4
917 1522395839053007 0.4
918 1522395839251139 0.4
919 1522395839451827 0.4
920 1522395839652639 0.4
921 1522395839850883 0.4
922 1522395840051545 0.4
923 1522395840253150 0.405
924 1522395840452435 0.405
925 1522395840651302 0.405
926 1522395840850793 0.405
927 1522395841053231 0.405
928 1522395841251497 0.405
929 1522395841451572 0.405
930 1522395841651801 0.405
931 1522395841850669 0.405
932 1522395842051560 0.405
933 1522395842253214 0.405
934 1522395842451721 0.405
935 1522395842652751 0.405
936 1522395842851148 0.41
937 1522395843053069 0.41
938 1522395843253148 0.41
939 1522395843451547 0.41
940 1522395843651856 0.41
941 1522395843851067 0.41
942 1522395844052331 0.41
943 1522395844251377 0.41
944 1522395844453012 0.41
945 1522395844651477 0.41
946 1522395844851018 0.41
947 1522395845053398 0.41
948 1522395845253165 0.41
949 1522395845453058 0.415
950 1522395845652943 0.415
951 1522395845851042 0.415
952 1522395846053517 0.415
953 1522395846251408 0.415
954 1522395846453722 0.415
955 1522395846651263 0.415
956 1522395846850844 0.415
957 1522395847053368 0.415
958 1522395847251167 0.415
959 1522395847453253 0.415
960 1522395847651724 0.415
961 1522395847850830 0.415
962 1522395848052679 0.42
963 1522395848251355 0.42
964 1522395848453553 0.42
965 1522395848651738 0.42
966 1522395848851172 0.42
967 1522395849053403 0.42
968 1522395849251690 0.42
969 1522395849453297 0.42
970 1522395849653273 0.42
971 1522395849851336 0.42
972 1522395850053403 0.42
973 1522395850252095 0.42
974 1522395850452973 0.42
975 1522395850653293 0.425
976 1522395850851402 0.425
977 1522395851052123 0.425
978 1522395851251914 0.425
979 1522395851453219 0.425
980 1522395851653503 0.425
981 1522395851851281 0.425
982 1522395852053652 0.425
983 1522395852251883 0.425
984 1522395852453130 0.425
985 1522395852653492 0.425
986 1522395852851347 0.425
987 1522395853053525 0.425
988 1522395853253082 0.43
989 1522395853452422 0.43
990 1522395853652103 0.43
991 1522395853851949 0.43
992 1522395854053657 0.43
993 1522395854251847 0.43
994 1522395854451966 0.43
995 1522395854651522 0.43
996 1522395854852096 0.43
997 1522395855051980 0.43
998 1522395855253343 0.43
999 1522395855452119 0.43
1000 1522395855653847 0.43
1001 1522395855851644 0.435
1002 1522395856052576 0.435
1003 1522395856252155 0.435
1004 1522395856452173 0.435
1005 1522395856652113 0.435
1006 1522395856851334 0.435
1007 1522395857053699 0.435
1008 1522395857252034 0.435
1009 1522395857452196 0.435
1010 1522395857653260 0.435
1011 1522395857851397 0.435
1012 1522395858053975 0.435
1013 1522395858252508 0.435
1014 1522395858452543 0.44
1015 1522395858653332 0.44
1016 1522395858851456 0.44
1017 1522395859052061 0.44
1018 1522395859252038 0.44
1019 1522395859453809 0.44
1020 1522395859653879 0.44
1021 1522395859851731 0.44
1022 1522395860053806 0.44
1023 1522395860252241 0.44
1024 1522395860453991 0.44
1025 1522395860652659 0.44
1026 1522395860851523 0.44
1027 1522395861052712 0.445
1028 1522395861252859 0.445
1029 1522395861452074 0.445
1030 1522395861652841 0.445
1031 1522395861851542 0.445
1032 1522395862052646 0.445
1033 1522395862254048 0.445
1034 1522395862452159 0.445
1035 1522395862652377 0.445
1036 1522395862851628 0.445
1037 1522395863052811 0.445
1038 1522395863254073 0.445
1039 1522395863452719 0.445
1040 1522395863653960 0.45
1041 1522395863851816 0.45
1042 1522395864052888 0.45
1043 1522395864252276 0.45
1044 1522395864452229 0.45
1045 1522395864652512 0.45
1046 1522395864851749 0.45
1047 1522395865052502 0.45
1048 1522395865254151 0.45
1049 1522395865452458 0.45
1050 1522395865653647 0.45
1051 1522395865851726 0.45
1052 1522395866054035 0.45
1053 1522395866253920 0.455
1054 1522395866452824 0.455
1055 1522395866652567 0.455
1056 1522395866851924 0.455
1057 1522395867053843 0.455
1058 1522395867252424 0.455
1059 1522395867453781 0.455
1060 1522395867652389 0.455
1061 1522395867851803 0.455
1062 1522395868054336 0.455
1063 1522395868254156 0.455
1064 1522395868454211 0.455
1065 1522395868652999 0.455
1066 1522395868852145 0.46
1067 1522395869054304 0.46
1068 1522395869252292 0.46
1069 1522395869453872 0.46
1070 1522395869652442 0.46
1071 1522395869851916 0.46
1072 1522395870054461 0.46
1073 1522395870252223 0.46
1074 1522395870453165 0.46
1075 1522395870653357 0.46
1076 1522395870852132 0.46
1077 1522395871054376 0.46
1078 1522395871252123 0.46
1079 1522395871454341 0.465
1080 1522395871653990 0.465
1081 1522395871852274 0.465
1082 1522395872054329 0.465
1083 1522395872252150 0.465
1084 1522395872453912 0.465
1085 1522395872652576 0.465
1086 1522395872852155 0.465
1087 1522395873054453 0.465
1088 1522395873252753 0.465
1089 1522395873454368 0.465
1090 1522395873654786 0.465
1091 1522395873852907 0.465
1092 1522395874054467 0.47
1093 1522395874253235 0.47
1094 1522395874453418 0.47
1095 1522395874654543 0.47
1096 1522395874852894 0.47
1097 1522395875054016 0.47
1098 1522395875252676 0.47
1099 1522395875454760 0.47
1100 1522395875654368 0.47
1101 1522395875852218 0.47
1102 1522395876054629 0.47
1103 1522395876253475 0.47
1104 1522395876452937 0.47
1105 1522395876654671 0.475
1106 1522395876852412 0.475
1107 1522395877054631 0.475
1108 1522395877252724 0.475
1109 1522395877452767 0.475
1110 1522395877654528 0.475
1111 1522395877852548 0.475
1112 1522395878052975 0.475
1113 1522395878252980 0.475
1114 1522395878452529 0.475
1115 1522395878654596 0.475
1116 1522395878852648 0.475
1117 1522395879054756 0.475
1118 1522395879253055 0.48
1119 1522395879453426 0.48
1120 1522395879654711 0.48
1121 1522395879854633 0.48
1122 1522395880053506 0.48
1123 1522395880252858 0.48
1124 1522395880453178 0.48
1125 1522395880653023 0.48
1126 1522395880857693 0.48
1127 1522395881053385 0.48
1128 1522395881253665 0.48
1129 1522395881454318 0.48
1130 1522395881652722 0.48
1131 1522395881852687 0.485
1132 1522395882053319 0.485
1133 1522395882253060 0.485
1134 1522395882453080 0.485
1135 1522395882654845 0.485
1136 1522395882853404 0.485
1137 1522395883053148 0.485
1138 1522395883253129 0.485
1139 1522395883453733 0.485
1140 1522395883654822 0.485
1141 1522395883853629 0.485
1142 1522395884053861 0.485
1143 1522395884253319 0.485
1144 1522395884454459 0.49
1145 1522395884654668 0.49
1146 1522395884853298 0.49
1147 1522395885053197 0.49
1148 1522395885253242 0.49
1149 1522395885453466 0.49
1150 1522395885653351 0.49
1151 1522395885852675 0.49
1152 1522395886054885 0.49
1153 1522395886253660 0.49
1154 1522395886453953 0.49
1155 1522395886654471 0.49
1156 1522395886852755 0.49
1157 1522395887055267 0.495
1158 1522395887253873 0.495
1159 1522395887453423 0.495
1160 1522395887653554 0.495
1161 1522395887852713 0.495
1162 1522395888054764 0.495
1163 1522395888253151 0.495
1164 1522395888453942 0.495
1165 1522395888653936 0.495
1166 1522395888852682 0.495
1167 1522395889055138 0.495
1168 1522395889254416 0.495
1169 1522395889453643 0.495
1170 1522395889654690 0.5
1171 1522395889853102 0.5
1172 1522395890054134 0.5
1173 1522395890255162 0.5
1174 1522395890453258 0.5
1175 1522395890653488 0.5
1176 1522395890852793 0.5
1177 1522395891053432 0.5
1178 1522395891255271 0.5
1179 1522395891453886 0.5
1180 1522395891654683 0.5
1181 1522395891853074 0.5
1182 1522395892053347 0.5
